相机标定分辨率: 640x480
每幅图像的标定误差: 
图像[1.jpg]的平均误差: 0.127767像素
图像[10.jpg]的平均误差: 0.117685像素
图像[11.jpg]的平均误差: 0.134176像素
图像[12.jpg]的平均误差: 0.230676像素
图像[13.jpg]的平均误差: 0.315321像素
图像[14.jpg]的平均误差: 0.331598像素
图像[15.jpg]的平均误差: 0.308013像素
图像[17.jpg]的平均误差: 0.306084像素
图像[19.jpg]的平均误差: 0.285543像素
图像[2.jpg]的平均误差: 0.115305像素
图像[20.jpg]的平均误差: 0.286667像素
图像[21.jpg]的平均误差: 0.357559像素
图像[22.jpg]的平均误差: 0.108766像素
图像[23.jpg]的平均误差: 0.127064像素
图像[24.jpg]的平均误差: 0.0953551像素
图像[25.jpg]的平均误差: 0.128938像素
图像[26.jpg]的平均误差: 0.11567像素
图像[27.jpg]的平均误差: 0.19799像素
图像[28.jpg]的平均误差: 0.252816像素
图像[29.jpg]的平均误差: 0.158167像素
图像[3.jpg]的平均误差: 0.102447像素
图像[30.jpg]的平均误差: 0.223979像素
图像[31.jpg]的平均误差: 0.268484像素
图像[32.jpg]的平均误差: 0.12568像素
图像[33.jpg]的平均误差: 0.151767像素
图像[4.jpg]的平均误差: 0.103199像素
图像[5.jpg]的平均误差: 0.0892328像素
图像[6.jpg]的平均误差: 0.118307像素
图像[7.jpg]的平均误差: 0.0939047像素
图像[8.jpg]的平均误差: 0.120438像素
图像[9.jpg]的平均误差: 0.115172像素
总体平均误差: 0.181089像素

相机内参数矩阵: 
[387.5326310275343, 0, 349.538264933484;
 0, 394.7016264299844, 270.1801340343803;
 0, 0, 1]

畸变系数: 
[0.0822481136029691, 0.05512448342982887, 0.04350034042866778, 0.02656485096926959, -0.024998287798117]


图像[1.jpg]的旋转向量: 
[2.060202430297228;
 2.139599488327509;
 0.7204871882353439]
图像[1.jpg]的旋转矩阵: 
[-0.08928589072699422, 0.9219783502932547, 0.3768075786228506;
 0.9621073957810707, -0.01802331658999223, 0.2720744733385752;
 0.2576380963686336, 0.3868217698755144, -0.885432961691579]
图像[1.jpg]的平移向量: 
[-1.300969809728157;
 -110.0523248677339;
 209.7178290583565]

图像[10.jpg]的旋转向量: 
[-1.927496082699356;
 -2.095972311965824;
 -0.7149504701165149]
图像[10.jpg]的旋转矩阵: 
[-0.1259502676494952, 0.9772626874426631, 0.1705701316507788;
 0.8777858825045823, 0.02967692096099495, 0.478133061854047;
 0.4621996046673685, 0.2099450406525914, -0.8615652066737085]
图像[10.jpg]的平移向量: 
[-48.36658074573235;
 -47.18392983956528;
 238.3253063647193]

图像[11.jpg]的旋转向量: 
[-1.886134014801986;
 -2.222304160895459;
 -0.727608338520873]
图像[11.jpg]的旋转矩阵: 
[-0.2059776003252264, 0.9576063135262017, 0.2014035165011255;
 0.8912911734819994, 0.09863137011941558, 0.4425741710735587;
 0.4039471156442908, 0.2706695422893473, -0.873821907850526]
图像[11.jpg]的平移向量: 
[-17.64825578867858;
 -56.9269549982096;
 238.3173314227339]

图像[12.jpg]的旋转向量: 
[0.3358004297961492;
 2.892588811578491;
 0.818839081978008]
图像[12.jpg]的旋转矩阵: 
[-0.9686422945346572, 0.1800814630730084, 0.1711805242897655;
 0.2430869120600724, 0.8293835670653219, 0.5030225162625419;
 -0.0513892831603331, 0.5288606294095688, -0.8471514482291709]
图像[12.jpg]的平移向量: 
[32.34452315610624;
 -126.3904246869535;
 221.170410480002]

图像[13.jpg]的旋转向量: 
[0.2845987457639548;
 2.897201359988744;
 0.9397691256328492]
图像[13.jpg]的旋转矩阵: 
[-0.9793160324776891, 0.1506014133651885, 0.1351270617772971;
 0.2012440628982341, 0.7942875721515206, 0.5732434734681718;
 -0.02099846852438122, 0.5885800430001434, -0.8081661941095902]
图像[13.jpg]的平移向量: 
[34.97241448015696;
 -87.59370854676928;
 217.3468728819582]

图像[14.jpg]的旋转向量: 
[0.2720647477957281;
 2.808649764416566;
 0.8709649399312933]
图像[14.jpg]的旋转矩阵: 
[-0.965473249822106, 0.1184391759296502, 0.2320206143493432;
 0.2289344493046461, 0.8107512798093829, 0.5387683919914259;
 -0.124299725661482, 0.5732839818907849, -0.8098734804325467]
图像[14.jpg]的平移向量: 
[54.02749900286958;
 -83.6891228661548;
 222.4187278108292]

图像[15.jpg]的旋转向量: 
[0.3018232646271396;
 2.766706066535579;
 0.8472482500465385]
图像[15.jpg]的旋转矩阵: 
[-0.9518862764987667, 0.1276126854695235, 0.2786171551081699;
 0.2617420819750174, 0.8114141804162309, 0.5225878972410665;
 -0.1593850656011937, 0.5703700819000876, -0.8057756328759207]
图像[15.jpg]的平移向量: 
[70.51865999349377;
 -86.39878270672713;
 230.4842660658701]

图像[17.jpg]的旋转向量: 
[0.290324652358412;
 2.689770340279128;
 0.461393208757987]
图像[17.jpg]的旋转矩阵: 
[-0.9006617444109445, 0.1342622365437097, 0.4132578783192348;
 0.2643117591010076, 0.9241618241365352, 0.2757974198747372;
 -0.3448879762409318, 0.3576291020693255, -0.8678442885665161]
图像[17.jpg]的平移向量: 
[-16.99030166537867;
 -91.45454384504886;
 193.7972989628275]

图像[19.jpg]的旋转向量: 
[0.1296354125062749;
 2.649864903865501;
 0.7077363413305438]
图像[19.jpg]的旋转矩阵: 
[-0.9184099906981571, -0.01176812953299405, 0.3954549280425087;
 0.1869731416421372, 0.8679786983234014, 0.4600587175147134;
 -0.3486604842684073, 0.4964619727472672, -0.7949599841033581]
图像[19.jpg]的平移向量: 
[10.35944948363307;
 -50.0868030228155;
 198.6803247372506]

图像[2.jpg]的旋转向量: 
[-2.01387951081562;
 -2.291987498417657;
 -0.7781122825097171]
图像[2.jpg]的旋转矩阵: 
[-0.1818375978106406, 0.9293593511017452, 0.3212884755826123;
 0.9328771250879967, 0.05972694047514082, 0.3552083361480036;
 0.3109266111319678, 0.3643128999928797, -0.877838683010021]
图像[2.jpg]的平移向量: 
[-31.57707065821524;
 -109.4278931718855;
 205.9261769485785]

图像[20.jpg]的旋转向量: 
[0.1149802382993514;
 2.572657106926698;
 0.6800314629356012]
图像[20.jpg]的旋转矩阵: 
[-0.8843555515264372, -0.03874941603041621, 0.4652029033031425;
 0.1961850039219572, 0.8734193272659937, 0.445701831939651;
 -0.4235878925565659, 0.4854247228103664, -0.7648111765422667]
图像[20.jpg]的平移向量: 
[34.59915541995184;
 -61.41872937400394;
 203.6693717939916]

图像[21.jpg]的旋转向量: 
[0.7421439292537112;
 2.668124682611468;
 0.4750393538763701]
图像[21.jpg]的旋转矩阵: 
[-0.809763828123742, 0.4328627806496451, 0.3961216426688148;
 0.5429822755591964, 0.8086781765215421, 0.2262959461553641;
 -0.2223798351715816, 0.3983333025822117, -0.8898751535822362]
图像[21.jpg]的平移向量: 
[13.39964779918665;
 -111.8928752773002;
 221.700123475034]

图像[22.jpg]的旋转向量: 
[-0.8912658467344023;
 -2.796300305322146;
 -0.383608102897921]
图像[22.jpg]的旋转矩阵: 
[-0.8036832706780518, 0.587692348718434, -0.09333222214240779;
 0.5408464164766997, 0.7868328190310796, 0.2972865094145978;
 0.2481498624149155, 0.1884457963272568, -0.9502156742708702]
图像[22.jpg]的平移向量: 
[-31.1364113743899;
 -94.91676377026249;
 251.9782136219823]

图像[23.jpg]的旋转向量: 
[-0.7405486741485608;
 -3.030882449202402;
 -0.2842312633423993]
图像[23.jpg]的旋转矩阵: 
[-0.8882200961772451, 0.4581180646980334, 0.03453837784572443;
 0.4565520099799352, 0.8717963722476915, 0.1775706831632039;
 0.05123790520861203, 0.173490415104392, -0.9835017808508223]
图像[23.jpg]的平移向量: 
[41.28516863443144;
 -112.7760910322123;
 274.1636952245847]

图像[24.jpg]的旋转向量: 
[-0.2280148874612469;
 -3.197525654490583;
 -0.3627317460804181]
图像[24.jpg]的旋转矩阵: 
[-0.9864582228805787, 0.1303634913498109, 0.09952655240878264;
 0.1493448001457366, 0.9647881989897514, 0.2165175784077175;
 -0.06779605579029199, 0.2284493186971672, -0.9711923617935222]
图像[24.jpg]的平移向量: 
[99.66279983949222;
 -93.325795318741;
 283.1078360451391]

图像[25.jpg]的旋转向量: 
[-1.908625704774319;
 -2.144315358061786;
 -0.6444475640237662]
图像[25.jpg]的旋转矩阵: 
[-0.1468499286349616, 0.9796287531341192, 0.1369766567441249;
 0.8928356374759492, 0.0716669322146527, 0.4446440995671211;
 0.4257694480735111, 0.1875935949328535, -0.8851717461754789]
图像[25.jpg]的平移向量: 
[-122.3963378927894;
 -80.58908650905576;
 232.8530072049727]

图像[26.jpg]的旋转向量: 
[-1.978092624325334;
 -2.185163678895122;
 -0.6616132789362669]
图像[26.jpg]的旋转矩阵: 
[-0.1382791656535772, 0.9702654664571558, 0.1986549696001293;
 0.9175039450713712, 0.04997339651569266, 0.3945746702706036;
 0.3729147129366456, 0.2368281745092063, -0.89713267281602]
图像[26.jpg]的平移向量: 
[-74.72851541426431;
 -81.72404648184744;
 248.3276830080252]

图像[27.jpg]的旋转向量: 
[-2.018913194165532;
 -2.186941147065092;
 -0.5761034523244447]
图像[27.jpg]的旋转矩阵: 
[-0.109643338248267, 0.9787721258373676, 0.1731573390346948;
 0.9370531513260008, 0.04367952660918495, 0.3464440655361389;
 0.3315263639106053, 0.2002429140793692, -0.9219506740564894]
图像[27.jpg]的平移向量: 
[-153.843025702745;
 -129.8396304017114;
 229.4673839449275]

图像[28.jpg]的旋转向量: 
[2.118889680900593;
 2.243203627060767;
 0.6782199189645237]
图像[28.jpg]的旋转矩阵: 
[-0.1003225289728784, 0.9561103576669433, 0.2752968836410537;
 0.9484769425388312, 0.008322196758193012, 0.316736847419603;
 0.3005443056400784, 0.2928885880383663, -0.9076835325950423]
图像[28.jpg]的平移向量: 
[-62.66847491236013;
 -124.308060365552;
 257.4730916253807]

图像[29.jpg]的旋转向量: 
[-1.957962774380892;
 -2.117232401115842;
 -0.6511785789916019]
图像[29.jpg]的旋转矩阵: 
[-0.1131755669783411, 0.9810304125797662, 0.1573868502534589;
 0.8999164860117921, 0.03407431418254647, 0.4347289492513435;
 0.4211194714606761, 0.1908357165379762, -0.8867018213864897]
图像[29.jpg]的平移向量: 
[-66.8568491686833;
 -69.80726944065759;
 265.2730763914788]

图像[3.jpg]的旋转向量: 
[-1.965567282215969;
 -2.29300786629462;
 -0.6624996723435896]
图像[3.jpg]的旋转矩阵: 
[-0.1910329762637458, 0.9529243432053588, 0.2354603960466611;
 0.9316660044677813, 0.1005017742148843, 0.3491387252922546;
 0.3090386029266493, 0.2860674562167038, -0.9070063684422778]
图像[3.jpg]的平移向量: 
[-68.84524618977022;
 -109.5994122422403;
 202.6478568978334]

图像[30.jpg]的旋转向量: 
[-1.888165484756746;
 -2.032445056476548;
 -0.5695261625725593]
图像[30.jpg]的旋转矩阵: 
[-0.08456566348806738, 0.9954832011756096, 0.04314909890117583;
 0.8729526712628277, 0.05313875648340993, 0.4849019553419949;
 0.4804188613011735, 0.07867317672852234, -0.87350343386247]
图像[30.jpg]的平移向量: 
[-135.0755106240921;
 -35.10446884659054;
 254.5824655254264]

图像[31.jpg]的旋转向量: 
[-1.830954922112965;
 -2.096717288194675;
 -0.6306573690512309]
图像[31.jpg]的旋转矩阵: 
[-0.1528183988296453, 0.9858120466224903, 0.06943447064045685;
 0.8605409363625079, 0.09819443459529686, 0.4998271199713438;
 0.485917517510412, 0.1361339845464276, -0.8633375379467937]
图像[31.jpg]的平移向量: 
[-116.9480319531529;
 -19.93539946585807;
 181.1817097133033]

图像[32.jpg]的旋转向量: 
[-1.917106951286438;
 -2.285065282484235;
 -0.5937837898328221]
图像[32.jpg]的旋转矩阵: 
[-0.2022599528542129, 0.96441377169929, 0.170285021150308;
 0.9253102226340524, 0.1312401077564375, 0.3557766518547818;
 0.3207676781727418, 0.2295258396626136, -0.9189265398098155]
图像[32.jpg]的平移向量: 
[-80.88571037276803;
 -64.67360719565959;
 184.5080672877985]

图像[33.jpg]的旋转向量: 
[-1.955347548921587;
 -2.298291731125247;
 -0.6875953328159495]
图像[33.jpg]的旋转矩阵: 
[-0.2010031737450029, 0.9482225234130646, 0.2459100856748174;
 0.9274760726340621, 0.1034272410387483, 0.3592922772651931;
 0.3152552280862793, 0.3002946085151588, -0.9002429056987873]
图像[33.jpg]的平移向量: 
[-52.13929550220493;
 -63.65349927985773;
 204.6191676009515]

图像[4.jpg]的旋转向量: 
[-1.924138112609545;
 -2.322761410327143;
 -0.6345013525514249]
图像[4.jpg]的旋转矩阵: 
[-0.2195015762628932, 0.9522813397770575, 0.2120832570725878;
 0.927853672120371, 0.1365827525365499, 0.3470341695601207;
 0.3015072489192395, 0.2729567761055799, -0.9135578674759471]
图像[4.jpg]的平移向量: 
[-93.64553634345896;
 -112.0095953122833;
 202.9899387781518]

图像[5.jpg]的旋转向量: 
[-1.804352485754348;
 -2.378618302089573;
 -0.6270529499406666]
图像[5.jpg]的旋转矩阵: 
[-0.2976722673310251, 0.9390714434166201, 0.1718605406177693;
 0.9017537029519753, 0.2174783222106198, 0.3735551345930798;
 0.3134190174102507, 0.26617288278087, -0.9115484167051765]
图像[5.jpg]的平移向量: 
[-115.2854474950452;
 -110.709940351758;
 202.3928181249975]

图像[6.jpg]的旋转向量: 
[-1.859514498033519;
 -2.327077658909126;
 -0.6974287740079552]
图像[6.jpg]的旋转矩阵: 
[-0.2589825441557211, 0.9418419223118508, 0.2141537653148954;
 0.9043770827881601, 0.158601328494981, 0.396166266518496;
 0.3391609263317444, 0.2962759051552189, -0.8928552257080925]
图像[6.jpg]的平移向量: 
[-128.4860062291085;
 -90.13057267737186;
 206.8608538709029]

图像[7.jpg]的旋转向量: 
[-1.847887723531848;
 -2.276295578922546;
 -0.8045920104632547]
图像[7.jpg]的旋转矩阵: 
[-0.2579453934897852, 0.9345326675426389, 0.2451792553888675;
 0.8810255113752445, 0.1233585744285656, 0.4567019930117899;
 0.3965579683771199, 0.333813354152574, -0.8551668973399399]
图像[7.jpg]的平移向量: 
[-111.2735629861252;
 -71.64238761957186;
 215.4371748341319]

图像[8.jpg]的旋转向量: 
[-1.904445668003429;
 -2.227780080509281;
 -0.7934273757906012]
图像[8.jpg]的旋转矩阵: 
[-0.2098474733381023, 0.9452809925264576, 0.2498156982693637;
 0.8903826832711716, 0.07919268302327109, 0.4482713422542247;
 0.4039588039199579, 0.3165001802902661, -0.8582802110102423]
图像[8.jpg]的平移向量: 
[-94.58451353354195;
 -58.18454493163303;
 220.4482928847647]

图像[9.jpg]的旋转向量: 
[-1.937754765818935;
 -2.103037976726778;
 -0.7731484433999142]
图像[9.jpg]的旋转矩阵: 
[-0.1350573666160312, 0.9678634841041565, 0.2121315249096805;
 0.8747931193382852, 0.01593806223254179, 0.4842344231161851;
 0.4652918504349027, 0.2509706243966315, -0.8488328690671851]
图像[9.jpg]的平移向量: 
[-70.88050980856953;
 -41.00263142217317;
 231.2910634531565]


