<?xml version="1.0"?>
<opencv_storage>
<cameraMatrix type_id="opencv-matrix">
  <rows>3</rows>
  <cols>3</cols>
  <dt>d</dt>
  <data>
    3.8753263102753431e+02 0. 3.4953826493348402e+02 0.
    3.9470162642998440e+02 2.7018013403438027e+02 0. 0. 1.</data></cameraMatrix>
<distCoeffs type_id="opencv-matrix">
  <rows>1</rows>
  <cols>5</cols>
  <dt>d</dt>
  <data>
    8.2248113602969103e-02 5.5124483429828869e-02 4.3500340428667780e-02
    2.6564850969269586e-02 -2.4998287798117001e-02</data></distCoeffs>
</opencv_storage>
